$ 1 0.000005 1.700203994009402 50 5 43 5e-11
a 368 192 496 192 8 15 -15 1000000 2.777694665848556 2.777750000277774 100000
r 176 208 368 208 0 10000
r 176 144 368 144 0 10000
r 368 208 368 400 0 12500
r 368 80 624 80 0 12500
g 368 400 368 448 0 0
v -176 352 -176 256 0 0 40 1 0 0 0.5
w -176 256 -176 144 0
w -176 144 176 144 0
w -176 352 -176 400 0
w -48 400 16 400 0
w 16 400 368 400 0
w 368 176 368 144 0
w 368 144 368 80 0
w 624 80 624 192 0
p 736 192 736 400 3 0 0
w 368 400 624 400 0
w 736 400 624 400 0
a 16 288 128 288 8 15 -15 1000000 -0.00004999950000499995 0 100000
r 16 208 176 208 0 250
w 16 272 16 208 0
w 16 304 16 400 0
w 128 288 176 288 0
w 176 288 176 208 0
i -48 208 -48 400 0 0.02
w -176 400 -80 400 0
w -48 208 16 208 0
w -80 400 -48 400 0
d 496 192 624 192 2 default
r 624 192 624 400 0 1000
w 624 192 736 192 0
403 -32 192 96 256 0 8_64_0_4099_2.5_0.0001953125_-1_2_8_3
o 15 1 0 4098 5 0.1 0 1
o 8 1 0 4099 5 0.0001953125 1 2 8 3
