$ 1 0.000005 10.20027730826997 50 5 43 5e-11
f 144 176 144 96 33 15 0.02
34 zener-15 1 1.7143528192810002e-7 0 2.0000000000000084 15 1
z 224 176 224 96 2 zener-15
r 144 320 144 176 0 1000
v -48 320 -48 96 0 0 40 30 0 0 0.5
162 384 176 384 320 2 default-led 1 0 0 0.01
r 384 176 384 96 0 1000
w -48 96 16 96 0
w 160 96 224 96 0
w 224 96 384 96 0
w 224 176 144 176 0
w -48 320 144 320 0
w 144 320 384 320 0
d 16 176 16 96 2 default
162 144 176 16 176 2 default-led 1 0 0 0.01
w 16 96 128 96 0
o 3 64 0 4099 80 0.1 0 2 3 3
