1.0200  (1)
1.0500  (1)
1.0700  (1)
1.1000  (13)
1.1300  (1)
1.1500  (1)
1.1800  (1)
1.2000  (13)
1.2100  (1)
1.2400  (1)
1.2700  (1)
1.3000  (13)
1.3300  (1)
1.3700  (1)
1.4000  (1)
1.4300  (1)
1.4700  (1)
1.5000  (13)
1.5400  (1)
1.5800  (1)
1.6000  (13)
1.6200  (1)
1.6500  (1)
1.6900  (1)
1.7400  (1)
1.7800  (1)
1.8000  (13)
1.8200  (1)
1.8700  (1)
1.9100  (1)
1.9600  (1)
2.0000  (13)
2.0500  (1)
2.1000  (1)
2.1500  (1)
2.2000  (13)
2.2100  (1)
2.2600  (1)
2.3200  (1)
2.3700  (1)
2.4000  (13)
2.4300  (1)
2.4900  (1)
2.5500  (1)
2.6100  (1)
2.6700  (1)
2.7000  (13)
2.7400  (1)
2.8000  (1)
2.8700  (1)
2.9400  (1)
3.0000  (13)
3.0100  (1)
3.0900  (1)
3.1600  (1)
3.2400  (1)
3.3000  (13)
3.3200  (1)
3.4000  (1)
3.4800  (1)
3.5700  (1)
3.6000  (13)
3.6500  (1)
3.7400  (1)
3.8300  (1)
3.9000  (13)
3.9200  (1)
4.0200  (1)
4.1200  (1)
4.2200  (1)
4.3000  (13)
4.3200  (1)
4.4200  (1)
4.5300  (1)
4.6400  (1)
4.7000  (13)
4.7500  (1)
4.8700  (1)
4.9900  (1)
5.1000  (13)
5.1100  (1)
5.2300  (1)
5.3600  (1)
5.4900  (1)
5.6000  (13)
5.6200  (1)
5.7600  (1)
5.9000  (1)
6.0400  (1)
6.1900  (1)
6.2000  (13)
6.3400  (1)
6.4900  (1)
6.6500  (1)
6.8000  (13)
6.8100  (1)
6.9800  (1)
7.1500  (1)
7.3200  (1)
7.5000  (13)
7.6800  (1)
7.8700  (1)
8.0600  (1)
8.2000  (13)
8.2500  (1)
8.4500  (1)
8.6600  (1)
8.8700  (1)
9.0900  (1)
9.1000  (13)
9.3100  (1)
9.5300  (1)
9.7600  (1)
10.0000  (27)
10.2000  (15)
10.5000  (15)
10.7000  (15)
11.0000  (27)
11.3000  (15)
11.5000  (15)
11.8000  (15)
12.0000  (27)
12.1000  (15)
12.4000  (15)
12.7000  (15)
13.0000  (27)
13.3000  (15)
13.7000  (15)
14.0000  (15)
14.3000  (15)
14.7000  (15)
15.0000  (27)
15.4000  (15)
15.8000  (15)
16.0000  (27)
16.2000  (15)
16.5000  (15)
16.9000  (15)
17.4000  (15)
17.8000  (15)
18.0000  (27)
18.2000  (15)
18.7000  (15)
19.1000  (15)
19.6000  (15)
20.0000  (27)
20.5000  (15)
21.0000  (15)
21.5000  (15)
22.0000  (27)
22.1000  (15)
22.6000  (15)
23.2000  (15)
23.7000  (15)
24.0000  (27)
24.3000  (15)
24.9000  (15)
25.5000  (15)
26.1000  (15)
26.7000  (15)
27.0000  (27)
27.4000  (15)
28.0000  (15)
28.7000  (15)
29.4000  (15)
30.0000  (27)
30.1000  (15)
30.9000  (15)
31.6000  (15)
32.4000  (15)
33.0000  (27)
33.2000  (15)
34.0000  (15)
34.8000  (15)
35.7000  (15)
36.0000  (27)
36.5000  (15)
37.4000  (15)
38.3000  (15)
39.0000  (27)
39.2000  (15)
40.2000  (15)
41.2000  (15)
42.2000  (15)
43.0000  (27)
43.2000  (15)
44.2000  (15)
45.3000  (15)
46.4000  (15)
47.0000  (27)
47.5000  (15)
48.7000  (15)
49.9000  (15)
51.0000  (27)
51.1000  (15)
52.3000  (15)
53.6000  (15)
54.9000  (15)
56.0000  (27)
56.2000  (15)
57.6000  (15)
59.0000  (15)
60.4000  (15)
61.9000  (15)
62.0000  (27)
63.4000  (15)
64.9000  (15)
66.5000  (15)
68.0000  (27)
68.1000  (15)
69.8000  (15)
71.5000  (15)
73.2000  (15)
75.0000  (27)
76.8000  (15)
78.7000  (15)
80.6000  (15)
82.0000  (27)
82.5000  (15)
84.5000  (15)
86.6000  (15)
88.7000  (15)
90.9000  (15)
91.0000  (27)
93.1000  (15)
95.3000  (15)
97.6000  (15)
100.0000  (27)
102.0000  (15)
105.0000  (15)
107.0000  (15)
110.0000  (27)
113.0000  (15)
115.0000  (15)
118.0000  (15)
120.0000  (27)
121.0000  (15)
124.0000  (15)
127.0000  (15)
130.0000  (27)
133.0000  (15)
137.0000  (15)
140.0000  (15)
143.0000  (15)
147.0000  (15)
150.0000  (27)
154.0000  (15)
158.0000  (15)
160.0000  (27)
162.0000  (15)
165.0000  (15)
169.0000  (15)
174.0000  (15)
178.0000  (15)
180.0000  (27)
182.0000  (15)
187.0000  (15)
191.0000  (15)
196.0000  (15)
200.0000  (27)
205.0000  (15)
210.0000  (15)
215.0000  (15)
220.0000  (27)
221.0000  (15)
226.0000  (15)
232.0000  (15)
237.0000  (15)
240.0000  (27)
243.0000  (15)
249.0000  (15)
255.0000  (15)
261.0000  (15)
267.0000  (15)
270.0000  (27)
274.0000  (15)
280.0000  (15)
287.0000  (15)
294.0000  (15)
300.0000  (27)
301.0000  (15)
309.0000  (15)
316.0000  (15)
324.0000  (15)
330.0000  (27)
332.0000  (15)
340.0000  (15)
348.0000  (15)
357.0000  (15)
360.0000  (27)
365.0000  (15)
374.0000  (15)
383.0000  (15)
390.0000  (27)
392.0000  (15)
402.0000  (15)
412.0000  (15)
422.0000  (15)
430.0000  (27)
432.0000  (15)
442.0000  (15)
453.0000  (15)
464.0000  (15)
470.0000  (27)
475.0000  (15)
487.0000  (15)
499.0000  (15)
510.0000  (27)
511.0000  (15)
523.0000  (15)
536.0000  (15)
549.0000  (15)
560.0000  (27)
562.0000  (15)
576.0000  (15)
590.0000  (15)
604.0000  (15)
619.0000  (15)
620.0000  (27)
634.0000  (15)
649.0000  (15)
665.0000  (15)
680.0000  (27)
681.0000  (15)
698.0000  (15)
715.0000  (15)
732.0000  (15)
750.0000  (27)
768.0000  (15)
787.0000  (15)
806.0000  (15)
820.0000  (27)
825.0000  (15)
845.0000  (15)
866.0000  (15)
887.0000  (15)
909.0000  (15)
910.0000  (27)
931.0000  (15)
953.0000  (15)
976.0000  (15)
1000.0000  (28)
1020.0000  (16)
1050.0000  (16)
1070.0000  (16)
1100.0000  (28)
1130.0000  (16)
1150.0000  (16)
1180.0000  (16)
1200.0000  (28)
1210.0000  (16)
1240.0000  (16)
1270.0000  (16)
1300.0000  (28)
1330.0000  (16)
1370.0000  (16)
1400.0000  (16)
1430.0000  (16)
1470.0000  (16)
1500.0000  (28)
1540.0000  (16)
1580.0000  (16)
1600.0000  (28)
1620.0000  (16)
1650.0000  (16)
1690.0000  (16)
1740.0000  (16)
1780.0000  (16)
1800.0000  (28)
1820.0000  (16)
1870.0000  (16)
1910.0000  (16)
1960.0000  (16)
2000.0000  (28)
2050.0000  (16)
2100.0000  (16)
2150.0000  (16)
2200.0000  (28)
2210.0000  (16)
2260.0000  (16)
2320.0000  (16)
2370.0000  (16)
2400.0000  (28)
2430.0000  (16)
2490.0000  (16)
2550.0000  (16)
2610.0000  (16)
2670.0000  (16)
2700.0000  (28)
2740.0000  (16)
2800.0000  (16)
2870.0000  (16)
2940.0000  (16)
3000.0000  (28)
3010.0000  (16)
3090.0000  (16)
3160.0000  (16)
3240.0000  (16)
3300.0000  (28)
3320.0000  (16)
3400.0000  (16)
3480.0000  (16)
3570.0000  (16)
3600.0000  (28)
3650.0000  (16)
3740.0000  (16)
3830.0000  (16)
3900.0000  (28)
3920.0000  (16)
4020.0000  (16)
4120.0000  (16)
4220.0000  (16)
4300.0000  (28)
4320.0000  (16)
4420.0000  (16)
4530.0000  (16)
4640.0000  (16)
4700.0000  (28)
4750.0000  (16)
4870.0000  (16)
4990.0000  (16)
5100.0000  (28)
5110.0000  (16)
5230.0000  (16)
5360.0000  (16)
5490.0000  (16)
5600.0000  (28)
5620.0000  (16)
5760.0000  (16)
5900.0000  (16)
6040.0000  (16)
6190.0000  (16)
6200.0000  (28)
6340.0000  (16)
6490.0000  (16)
6650.0000  (16)
6800.0000  (28)
6810.0000  (16)
6980.0000  (16)
7150.0000  (16)
7320.0000  (16)
7500.0000  (28)
7680.0000  (16)
7870.0000  (16)
8060.0000  (16)
8200.0000  (28)
8250.0000  (16)
8450.0000  (16)
8660.0000  (16)
8870.0000  (16)
9090.0000  (16)
9100.0000  (28)
9310.0000  (16)
9530.0000  (16)
9760.0000  (16)
10000.0000  (28)
10200.0000  (16)
10500.0000  (16)
10700.0000  (16)
11000.0000  (28)
11300.0000  (16)
11500.0000  (16)
11800.0000  (16)
12000.0000  (28)
12100.0000  (16)
12400.0000  (16)
12700.0000  (16)
13000.0000  (28)
13300.0000  (16)
13700.0000  (16)
14000.0000  (16)
14300.0000  (16)
14700.0000  (16)
15000.0000  (28)
15400.0000  (16)
15800.0000  (16)
16000.0000  (28)
16200.0000  (16)
16500.0000  (16)
16900.0000  (16)
17400.0000  (16)
17800.0000  (16)
18000.0000  (28)
18200.0000  (16)
18700.0000  (16)
19100.0000  (16)
19600.0000  (16)
20000.0000  (28)
20500.0000  (16)
21000.0000  (16)
21500.0000  (16)
22000.0000  (28)
22100.0000  (16)
22600.0000  (16)
23200.0000  (16)
23700.0000  (16)
24000.0000  (28)
24300.0000  (16)
24900.0000  (16)
25500.0000  (16)
26100.0000  (16)
26700.0000  (16)
27000.0000  (28)
27400.0000  (16)
28000.0000  (16)
28700.0000  (16)
29400.0000  (16)
30000.0000  (28)
30100.0000  (16)
30900.0000  (16)
31600.0000  (16)
32400.0000  (16)
33000.0000  (28)
33200.0000  (16)
34000.0000  (16)
34800.0000  (16)
35700.0000  (16)
36000.0000  (28)
36500.0000  (16)
37400.0000  (16)
38300.0000  (16)
39000.0000  (28)
39200.0000  (16)
40200.0000  (16)
41200.0000  (16)
42200.0000  (16)
43000.0000  (28)
43200.0000  (16)
44200.0000  (16)
45300.0000  (16)
46400.0000  (16)
47000.0000  (28)
47500.0000  (16)
48700.0000  (16)
49900.0000  (16)
51000.0000  (28)
51100.0000  (16)
52300.0000  (16)
53600.0000  (16)
54900.0000  (16)
56000.0000  (28)
56200.0000  (16)
57600.0000  (16)
59000.0000  (16)
60400.0000  (16)
61900.0000  (16)
62000.0000  (28)
63400.0000  (16)
64900.0000  (16)
66500.0000  (16)
68000.0000  (28)
68100.0000  (16)
69800.0000  (16)
71500.0000  (16)
73200.0000  (16)
75000.0000  (28)
76800.0000  (16)
78700.0000  (16)
80600.0000  (16)
82000.0000  (28)
82500.0000  (16)
84500.0000  (16)
86600.0000  (16)
88700.0000  (16)
90900.0000  (16)
91000.0000  (28)
93100.0000  (16)
95300.0000  (16)
97600.0000  (16)
100000.0000  (28)
102000.0000  (16)
105000.0000  (16)
107000.0000  (16)
110000.0000  (28)
113000.0000  (16)
115000.0000  (16)
118000.0000  (16)
120000.0000  (28)
121000.0000  (16)
124000.0000  (16)
127000.0000  (16)
130000.0000  (28)
133000.0000  (16)
137000.0000  (16)
140000.0000  (16)
143000.0000  (16)
147000.0000  (16)
150000.0000  (28)
154000.0000  (16)
158000.0000  (16)
160000.0000  (28)
162000.0000  (16)
165000.0000  (16)
169000.0000  (16)
174000.0000  (16)
178000.0000  (16)
180000.0000  (28)
182000.0000  (16)
187000.0000  (16)
191000.0000  (16)
196000.0000  (16)
200000.0000  (28)
205000.0000  (16)
210000.0000  (16)
215000.0000  (16)
220000.0000  (28)
221000.0000  (16)
226000.0000  (16)
232000.0000  (16)
237000.0000  (16)
240000.0000  (28)
243000.0000  (16)
249000.0000  (16)
255000.0000  (16)
261000.0000  (16)
267000.0000  (16)
270000.0000  (28)
274000.0000  (16)
280000.0000  (16)
287000.0000  (16)
294000.0000  (16)
300000.0000  (28)
301000.0000  (16)
309000.0000  (16)
316000.0000  (16)
324000.0000  (16)
330000.0000  (28)
332000.0000  (16)
340000.0000  (16)
348000.0000  (16)
357000.0000  (16)
360000.0000  (28)
365000.0000  (16)
374000.0000  (16)
383000.0000  (16)
390000.0000  (28)
392000.0000  (16)
402000.0000  (16)
412000.0000  (16)
422000.0000  (16)
430000.0000  (28)
432000.0000  (16)
442000.0000  (16)
453000.0000  (16)
464000.0000  (16)
470000.0000  (28)
475000.0000  (16)
487000.0000  (16)
499000.0000  (16)
510000.0000  (28)
511000.0000  (16)
523000.0000  (16)
536000.0000  (16)
549000.0000  (16)
560000.0000  (28)
562000.0000  (16)
576000.0000  (16)
590000.0000  (16)
604000.0000  (16)
619000.0000  (16)
620000.0000  (28)
634000.0000  (16)
649000.0000  (16)
665000.0000  (16)
680000.0000  (28)
681000.0000  (16)
698000.0000  (16)
715000.0000  (16)
732000.0000  (16)
750000.0000  (28)
768000.0000  (16)
787000.0000  (16)
806000.0000  (16)
820000.0000  (28)
825000.0000  (16)
845000.0000  (16)
866000.0000  (16)
887000.0000  (16)
909000.0000  (16)
910000.0000  (28)
931000.0000  (16)
953000.0000  (16)
976000.0000  (16)
1000000.0000  (28)
1020000.0000  (2)
1050000.0000  (2)
1070000.0000  (2)
1100000.0000  (11)
1130000.0000  (2)
1150000.0000  (2)
1180000.0000  (2)
1200000.0000  (11)
1210000.0000  (2)
1240000.0000  (2)
1270000.0000  (2)
1300000.0000  (11)
1330000.0000  (2)
1370000.0000  (2)
1400000.0000  (2)
1430000.0000  (2)
1470000.0000  (2)
1500000.0000  (11)
1540000.0000  (2)
1580000.0000  (2)
1600000.0000  (11)
1620000.0000  (2)
1650000.0000  (2)
1690000.0000  (2)
1740000.0000  (2)
1780000.0000  (2)
1800000.0000  (11)
1820000.0000  (2)
1870000.0000  (2)
1910000.0000  (2)
1960000.0000  (2)
2000000.0000  (11)
2050000.0000  (2)
2100000.0000  (2)
2150000.0000  (2)
2200000.0000  (11)
2400000.0000  (9)
2700000.0000  (9)
3000000.0000  (9)
3300000.0000  (9)
3600000.0000  (9)
3900000.0000  (9)
4300000.0000  (9)
4700000.0000  (9)
5100000.0000  (9)
5600000.0000  (9)
6200000.0000  (9)
6800000.0000  (9)
7500000.0000  (9)
8200000.0000  (9)
9100000.0000  (9)
10000000.0000  (9)